## custom color schemes
cudb <- c("#49b7fc", "#ff7b00", "#17d898", "#ff0083", "#0015ff", "#e5d200",
          "#999999")

cud <- c("#D55E00", "#56B4E9", "#009E73", "#CC79A7", "#0072B2", "#E69F00",
         "#F0E442", "#999999")